org_id remap_id
2 0
3 1
4 2
5 3
6 4
7 5
8 6
9 7
10 8
11 9
12 10
13 11
14 12
15 13
16 14
17 15
18 16
20 17
21 18
22 19
23 20
24 21
25 22
26 23
27 24
28 25
29 26
30 27
31 28
32 29
33 30
34 31
35 32
36 33
37 34
38 35
39 36
40 37
41 38
42 39
43 40
44 41
45 42
46 43
47 44
48 45
49 46
50 47
51 48
52 49
53 50
54 51
55 52
56 53
57 54
58 55
59 56
60 57
61 58
62 59
63 60
64 61
65 62
66 63
68 64
69 65
70 66
71 67
72 68
73 69
74 70
75 71
76 72
77 73
78 74
79 75
80 76
81 77
82 78
83 79
84 80
85 81
86 82
87 83
88 84
89 85
90 86
91 87
92 88
94 89
95 90
96 91
97 92
98 93
99 94
100 95
101 96
102 97
103 98
104 99
105 100
106 101
107 102
108 103
109 104
110 105
111 106
113 107
114 108
115 109
116 110
117 111
118 112
119 113
120 114
121 115
122 116
123 117
124 118
125 119
126 120
127 121
128 122
129 123
130 124
131 125
132 126
133 127
134 128
135 129
136 130
137 131
139 132
140 133
141 134
142 135
143 136
144 137
145 138
146 139
147 140
148 141
149 142
150 143
151 144
152 145
153 146
154 147
155 148
156 149
157 150
158 151
159 152
161 153
162 154
163 155
164 156
166 157
168 158
170 159
171 160
172 161
173 162
174 163
175 164
176 165
177 166
178 167
179 168
180 169
181 170
182 171
183 172
184 173
185 174
186 175
187 176
189 177
190 178
191 179
192 180
193 181
194 182
195 183
196 184
198 185
200 186
201 187
202 188
203 189
204 190
205 191
206 192
207 193
208 194
209 195
210 196
211 197
212 198
213 199
214 200
215 201
216 202
217 203
218 204
219 205
220 206
223 207
224 208
225 209
226 210
227 211
228 212
229 213
230 214
231 215
232 216
233 217
234 218
235 219
236 220
237 221
238 222
240 223
241 224
242 225
243 226
244 227
247 228
248 229
249 230
250 231
251 232
252 233
253 234
254 235
255 236
256 237
257 238
258 239
259 240
260 241
261 242
262 243
263 244
264 245
265 246
266 247
267 248
268 249
269 250
270 251
271 252
273 253
274 254
275 255
277 256
278 257
279 258
280 259
281 260
282 261
283 262
284 263
285 264
286 265
288 266
289 267
290 268
291 269
292 270
293 271
294 272
295 273
296 274
297 275
298 276
299 277
300 278
301 279
302 280
303 281
304 282
305 283
306 284
307 285
308 286
310 287
311 288
312 289
313 290
314 291
315 292
316 293
317 294
318 295
319 296
320 297
321 298
322 299
324 300
325 301
326 302
327 303
328 304
329 305
330 306
331 307
332 308
333 309
334 310
335 311
336 312
337 313
338 314
339 315
340 316
341 317
342 318
343 319
344 320
345 321
346 322
347 323
348 324
349 325
350 326
351 327
352 328
353 329
354 330
355 331
356 332
357 333
358 334
359 335
360 336
361 337
362 338
363 339
364 340
365 341
366 342
367 343
368 344
369 345
370 346
371 347
372 348
375 349
376 350
377 351
378 352
380 353
382 354
383 355
385 356
386 357
387 358
388 359
390 360
391 361
392 362
393 363
394 364
395 365
396 366
397 367
398 368
399 369
400 370
401 371
402 372
403 373
404 374
405 375
406 376
407 377
408 378
409 379
410 380
411 381
412 382
413 383
414 384
415 385
416 386
417 387
418 388
419 389
420 390
421 391
423 392
424 393
425 394
426 395
427 396
428 397
430 398
431 399
432 400
433 401
434 402
435 403
436 404
437 405
438 406
439 407
440 408
441 409
442 410
443 411
444 412
446 413
447 414
449 415
450 416
451 417
452 418
453 419
454 420
455 421
456 422
457 423
458 424
459 425
460 426
461 427
462 428
463 429
464 430
465 431
466 432
467 433
468 434
469 435
470 436
471 437
472 438
473 439
474 440
475 441
476 442
477 443
478 444
479 445
480 446
481 447
482 448
484 449
485 450
486 451
487 452
488 453
489 454
490 455
491 456
492 457
493 458
494 459
495 460
496 461
497 462
498 463
499 464
500 465
501 466
502 467
503 468
504 469
506 470
507 471
508 472
509 473
510 474
511 475
512 476
513 477
514 478
515 479
516 480
517 481
518 482
519 483
520 484
521 485
523 486
525 487
526 488
527 489
529 490
530 491
531 492
532 493
533 494
534 495
535 496
536 497
537 498
538 499
539 500
540 501
541 502
542 503
543 504
544 505
545 506
546 507
547 508
548 509
549 510
550 511
551 512
552 513
553 514
555 515
556 516
557 517
558 518
559 519
560 520
561 521
562 522
563 523
565 524
566 525
567 526
568 527
569 528
570 529
571 530
572 531
573 532
574 533
575 534
576 535
577 536
578 537
579 538
580 539
581 540
582 541
583 542
584 543
585 544
586 545
587 546
589 547
590 548
592 549
593 550
594 551
595 552
596 553
598 554
601 555
602 556
603 557
604 558
605 559
606 560
607 561
608 562
609 563
611 564
612 565
613 566
614 567
616 568
617 569
618 570
619 571
620 572
621 573
622 574
623 575
624 576
625 577
627 578
628 579
629 580
631 581
632 582
633 583
634 584
635 585
636 586
637 587
638 588
639 589
640 590
641 591
642 592
643 593
644 594
645 595
646 596
647 597
649 598
650 599
651 600
652 601
654 602
655 603
656 604
657 605
658 606
659 607
660 608
661 609
662 610
663 611
664 612
665 613
666 614
667 615
668 616
669 617
670 618
671 619
672 620
673 621
674 622
675 623
676 624
677 625
678 626
679 627
680 628
681 629
682 630
683 631
684 632
685 633
686 634
687 635
688 636
689 637
690 638
691 639
692 640
693 641
694 642
695 643
696 644
697 645
698 646
699 647
700 648
701 649
702 650
703 651
704 652
705 653
706 654
707 655
708 656
709 657
710 658
711 659
712 660
713 661
714 662
715 663
716 664
717 665
718 666
719 667
720 668
721 669
722 670
723 671
725 672
726 673
727 674
728 675
729 676
730 677
731 678
732 679
733 680
734 681
735 682
736 683
737 684
738 685
739 686
741 687
742 688
743 689
744 690
745 691
746 692
747 693
749 694
750 695
751 696
752 697
753 698
754 699
756 700
757 701
758 702
759 703
760 704
761 705
762 706
763 707
764 708
765 709
767 710
768 711
769 712
770 713
771 714
772 715
773 716
776 717
777 718
778 719
779 720
780 721
781 722
782 723
784 724
785 725
786 726
787 727
788 728
789 729
790 730
791 731
792 732
793 733
794 734
795 735
797 736
798 737
799 738
800 739
801 740
802 741
804 742
805 743
806 744
807 745
808 746
809 747
810 748
812 749
813 750
814 751
815 752
816 753
817 754
818 755
819 756
820 757
821 758
822 759
823 760
824 761
825 762
826 763
827 764
828 765
829 766
830 767
831 768
832 769
834 770
835 771
836 772
837 773
838 774
839 775
840 776
841 777
842 778
843 779
844 780
845 781
846 782
847 783
848 784
849 785
850 786
851 787
852 788
853 789
854 790
855 791
856 792
858 793
859 794
860 795
861 796
862 797
863 798
864 799
865 800
868 801
869 802
870 803
871 804
873 805
874 806
875 807
876 808
877 809
878 810
881 811
882 812
884 813
885 814
886 815
887 816
888 817
889 818
890 819
891 820
893 821
895 822
896 823
897 824
898 825
899 826
900 827
903 828
904 829
905 830
906 831
907 832
908 833
909 834
910 835
911 836
912 837
913 838
914 839
915 840
916 841
917 842
919 843
920 844
921 845
922 846
924 847
925 848
926 849
927 850
928 851
929 852
930 853
931 854
932 855
933 856
934 857
935 858
936 859
938 860
939 861
940 862
941 863
942 864
943 865
946 866
948 867
949 868
950 869
951 870
952 871
953 872
954 873
955 874
957 875
958 876
959 877
960 878
961 879
962 880
963 881
964 882
965 883
966 884
967 885
968 886
969 887
971 888
972 889
975 890
976 891
977 892
978 893
979 894
980 895
981 896
982 897
984 898
985 899
986 900
987 901
989 902
990 903
991 904
993 905
994 906
995 907
996 908
997 909
998 910
999 911
1001 912
1002 913
1003 914
1004 915
1005 916
1006 917
1007 918
1008 919
1009 920
1010 921
1011 922
1012 923
1014 924
1015 925
1016 926
1017 927
1018 928
1019 929
1020 930
1021 931
1022 932
1023 933
1024 934
1025 935
1026 936
1027 937
1028 938
1029 939
1030 940
1032 941
1033 942
1034 943
1035 944
1036 945
1037 946
1038 947
1039 948
1040 949
1041 950
1042 951
1044 952
1046 953
1047 954
1049 955
1050 956
1051 957
1052 958
1053 959
1054 960
1055 961
1056 962
1057 963
1058 964
1060 965
1061 966
1062 967
1063 968
1064 969
1065 970
1067 971
1068 972
1069 973
1070 974
1071 975
1072 976
1073 977
1074 978
1075 979
1076 980
1078 981
1079 982
1080 983
1081 984
1082 985
1083 986
1084 987
1085 988
1086 989
1087 990
1088 991
1089 992
1090 993
1091 994
1092 995
1093 996
1094 997
1097 998
1098 999
1099 1000
1100 1001
1101 1002
1102 1003
1103 1004
1104 1005
1106 1006
1107 1007
1108 1008
1109 1009
1110 1010
1111 1011
1112 1012
1113 1013
1114 1014
1115 1015
1116 1016
1118 1017
1119 1018
1120 1019
1121 1020
1122 1021
1123 1022
1124 1023
1125 1024
1126 1025
1128 1026
1130 1027
1131 1028
1132 1029
1133 1030
1134 1031
1135 1032
1136 1033
1137 1034
1138 1035
1139 1036
1140 1037
1143 1038
1144 1039
1145 1040
1146 1041
1147 1042
1148 1043
1149 1044
1150 1045
1151 1046
1152 1047
1153 1048
1154 1049
1155 1050
1156 1051
1157 1052
1158 1053
1159 1054
1160 1055
1161 1056
1163 1057
1164 1058
1165 1059
1166 1060
1167 1061
1170 1062
1171 1063
1172 1064
1173 1065
1174 1066
1176 1067
1177 1068
1178 1069
1179 1070
1180 1071
1181 1072
1182 1073
1183 1074
1184 1075
1185 1076
1186 1077
1187 1078
1188 1079
1189 1080
1190 1081
1191 1082
1192 1083
1193 1084
1194 1085
1195 1086
1196 1087
1197 1088
1198 1089
1199 1090
1200 1091
1202 1092
1204 1093
1205 1094
1206 1095
1207 1096
1209 1097
1210 1098
1211 1099
1212 1100
1213 1101
1214 1102
1215 1103
1216 1104
1217 1105
1219 1106
1220 1107
1221 1108
1222 1109
1223 1110
1224 1111
1225 1112
1226 1113
1228 1114
1229 1115
1230 1116
1231 1117
1232 1118
1233 1119
1234 1120
1235 1121
1236 1122
1237 1123
1238 1124
1239 1125
1240 1126
1242 1127
1243 1128
1244 1129
1245 1130
1246 1131
1247 1132
1248 1133
1249 1134
1253 1135
1254 1136
1255 1137
1256 1138
1258 1139
1259 1140
1261 1141
1262 1142
1263 1143
1264 1144
1265 1145
1267 1146
1270 1147
1271 1148
1272 1149
1273 1150
1274 1151
1275 1152
1276 1153
1277 1154
1278 1155
1279 1156
1280 1157
1281 1158
1282 1159
1283 1160
1284 1161
1286 1162
1287 1163
1288 1164
1289 1165
1290 1166
1291 1167
1292 1168
1293 1169
1294 1170
1295 1171
1296 1172
1298 1173
1299 1174
1300 1175
1301 1176
1302 1177
1303 1178
1304 1179
1305 1180
1308 1181
1309 1182
1310 1183
1311 1184
1312 1185
1313 1186
1315 1187
1316 1188
1318 1189
1319 1190
1321 1191
1322 1192
1323 1193
1324 1194
1325 1195
1327 1196
1329 1197
1330 1198
1331 1199
1332 1200
1333 1201
1335 1202
1336 1203
1337 1204
1339 1205
1340 1206
1342 1207
1343 1208
1345 1209
1346 1210
1347 1211
1348 1212
1349 1213
1350 1214
1351 1215
1352 1216
1353 1217
1354 1218
1355 1219
1356 1220
1357 1221
1358 1222
1360 1223
1362 1224
1363 1225
1364 1226
1365 1227
1366 1228
1367 1229
1368 1230
1369 1231
1371 1232
1372 1233
1373 1234
1374 1235
1375 1236
1376 1237
1377 1238
1378 1239
1379 1240
1380 1241
1381 1242
1382 1243
1383 1244
1384 1245
1385 1246
1386 1247
1387 1248
1388 1249
1389 1250
1390 1251
1393 1252
1394 1253
1395 1254
1396 1255
1397 1256
1398 1257
1399 1258
1401 1259
1402 1260
1403 1261
1404 1262
1405 1263
1406 1264
1407 1265
1408 1266
1410 1267
1411 1268
1413 1269
1414 1270
1416 1271
1418 1272
1419 1273
1420 1274
1421 1275
1422 1276
1423 1277
1424 1278
1425 1279
1426 1280
1427 1281
1428 1282
1429 1283
1430 1284
1431 1285
1432 1286
1433 1287
1434 1288
1435 1289
1437 1290
1438 1291
1439 1292
1440 1293
1441 1294
1442 1295
1443 1296
1444 1297
1445 1298
1446 1299
1447 1300
1449 1301
1450 1302
1451 1303
1452 1304
1453 1305
1454 1306
1455 1307
1456 1308
1457 1309
1458 1310
1459 1311
1461 1312
1462 1313
1463 1314
1464 1315
1465 1316
1466 1317
1467 1318
1469 1319
1470 1320
1471 1321
1472 1322
1473 1323
1474 1324
1475 1325
1476 1326
1477 1327
1478 1328
1479 1329
1480 1330
1481 1331
1483 1332
1484 1333
1485 1334
1486 1335
1488 1336
1489 1337
1490 1338
1491 1339
1492 1340
1493 1341
1494 1342
1495 1343
1496 1344
1497 1345
1498 1346
1499 1347
1500 1348
1501 1349
1502 1350
1503 1351
1504 1352
1505 1353
1506 1354
1507 1355
1508 1356
1509 1357
1511 1358
1513 1359
1514 1360
1515 1361
1516 1362
1517 1363
1518 1364
1519 1365
1520 1366
1521 1367
1522 1368
1524 1369
1525 1370
1527 1371
1528 1372
1530 1373
1531 1374
1532 1375
1533 1376
1534 1377
1535 1378
1536 1379
1537 1380
1538 1381
1539 1382
1540 1383
1541 1384
1542 1385
1543 1386
1544 1387
1545 1388
1546 1389
1547 1390
1549 1391
1551 1392
1552 1393
1553 1394
1554 1395
1555 1396
1556 1397
1557 1398
1558 1399
1559 1400
1560 1401
1562 1402
1563 1403
1564 1404
1565 1405
1566 1406
1567 1407
1568 1408
1570 1409
1572 1410
1573 1411
1574 1412
1575 1413
1576 1414
1577 1415
1578 1416
1579 1417
1580 1418
1581 1419
1582 1420
1583 1421
1584 1422
1585 1423
1586 1424
1587 1425
1588 1426
1589 1427
1590 1428
1591 1429
1592 1430
1593 1431
1594 1432
1595 1433
1596 1434
1597 1435
1599 1436
1600 1437
1601 1438
1604 1439
1605 1440
1606 1441
1607 1442
1608 1443
1613 1444
1614 1445
1615 1446
1616 1447
1617 1448
1618 1449
1619 1450
1620 1451
1621 1452
1622 1453
1623 1454
1624 1455
1625 1456
1626 1457
1627 1458
1628 1459
1629 1460
1630 1461
1632 1462
1633 1463
1635 1464
1636 1465
1637 1466
1638 1467
1639 1468
1640 1469
1641 1470
1642 1471
1643 1472
1644 1473
1646 1474
1647 1475
1648 1476
1649 1477
1650 1478
1652 1479
1653 1480
1654 1481
1655 1482
1656 1483
1657 1484
1658 1485
1659 1486
1660 1487
1661 1488
1662 1489
1663 1490
1664 1491
1665 1492
1666 1493
1667 1494
1669 1495
1670 1496
1671 1497
1672 1498
1674 1499
1675 1500
1676 1501
1677 1502
1678 1503
1679 1504
1680 1505
1682 1506
1683 1507
1684 1508
1685 1509
1686 1510
1687 1511
1688 1512
1689 1513
1690 1514
1691 1515
1692 1516
1693 1517
1694 1518
1695 1519
1696 1520
1697 1521
1699 1522
1700 1523
1701 1524
1702 1525
1703 1526
1704 1527
1705 1528
1706 1529
1707 1530
1708 1531
1709 1532
1710 1533
1711 1534
1712 1535
1715 1536
1717 1537
1718 1538
1719 1539
1720 1540
1721 1541
1722 1542
1723 1543
1724 1544
1725 1545
1726 1546
1727 1547
1728 1548
1729 1549
1730 1550
1732 1551
1733 1552
1734 1553
1736 1554
1737 1555
1740 1556
1741 1557
1742 1558
1743 1559
1744 1560
1745 1561
1746 1562
1747 1563
1748 1564
1749 1565
1751 1566
1752 1567
1753 1568
1754 1569
1755 1570
1757 1571
1759 1572
1760 1573
1761 1574
1762 1575
1764 1576
1765 1577
1766 1578
1768 1579
1769 1580
1770 1581
1771 1582
1772 1583
1773 1584
1774 1585
1775 1586
1776 1587
1777 1588
1778 1589
1779 1590
1780 1591
1781 1592
1782 1593
1783 1594
1784 1595
1785 1596
1786 1597
1787 1598
1788 1599
1789 1600
1790 1601
1791 1602
1792 1603
1793 1604
1794 1605
1795 1606
1796 1607
1797 1608
1798 1609
1799 1610
1800 1611
1801 1612
1802 1613
1803 1614
1804 1615
1805 1616
1806 1617
1807 1618
1808 1619
1809 1620
1810 1621
1811 1622
1813 1623
1814 1624
1815 1625
1816 1626
1817 1627
1818 1628
1819 1629
1820 1630
1821 1631
1822 1632
1823 1633
1824 1634
1825 1635
1826 1636
1827 1637
1828 1638
1829 1639
1830 1640
1831 1641
1832 1642
1833 1643
1834 1644
1835 1645
1836 1646
1838 1647
1839 1648
1840 1649
1841 1650
1842 1651
1844 1652
1845 1653
1846 1654
1847 1655
1848 1656
1850 1657
1851 1658
1852 1659
1853 1660
1854 1661
1855 1662
1856 1663
1857 1664
1858 1665
1859 1666
1860 1667
1861 1668
1862 1669
1863 1670
1864 1671
1865 1672
1866 1673
1867 1674
1868 1675
1869 1676
1871 1677
1872 1678
1873 1679
1874 1680
1875 1681
1877 1682
1879 1683
1880 1684
1881 1685
1882 1686
1883 1687
1885 1688
1887 1689
1888 1690
1889 1691
1890 1692
1891 1693
1892 1694
1894 1695
1895 1696
1896 1697
1897 1698
1898 1699
1899 1700
1900 1701
1902 1702
1903 1703
1904 1704
1905 1705
1906 1706
1907 1707
1908 1708
1909 1709
1910 1710
1911 1711
1912 1712
1914 1713
1915 1714
1917 1715
1918 1716
1919 1717
1920 1718
1921 1719
1922 1720
1923 1721
1924 1722
1925 1723
1926 1724
1928 1725
1929 1726
1930 1727
1931 1728
1933 1729
1934 1730
1935 1731
1936 1732
1937 1733
1938 1734
1939 1735
1941 1736
1942 1737
1944 1738
1946 1739
1947 1740
1948 1741
1949 1742
1950 1743
1951 1744
1952 1745
1954 1746
1955 1747
1956 1748
1957 1749
1958 1750
1959 1751
1961 1752
1962 1753
1963 1754
1964 1755
1965 1756
1966 1757
1968 1758
1969 1759
1971 1760
1972 1761
1973 1762
1974 1763
1975 1764
1976 1765
1977 1766
1978 1767
1979 1768
1980 1769
1981 1770
1982 1771
1983 1772
1984 1773
1986 1774
1987 1775
1988 1776
1989 1777
1990 1778
1991 1779
1992 1780
1993 1781
1994 1782
1995 1783
1996 1784
1997 1785
1998 1786
1999 1787
2000 1788
2001 1789
2003 1790
2004 1791
2005 1792
2006 1793
2007 1794
2008 1795
2009 1796
2010 1797
2011 1798
2013 1799
2014 1800
2015 1801
2016 1802
2017 1803
2018 1804
2019 1805
2020 1806
2021 1807
2022 1808
2023 1809
2024 1810
2025 1811
2027 1812
2028 1813
2029 1814
2030 1815
2031 1816
2032 1817
2033 1818
2034 1819
2035 1820
2036 1821
2037 1822
2038 1823
2039 1824
2040 1825
2041 1826
2042 1827
2043 1828
2044 1829
2045 1830
2046 1831
2047 1832
2048 1833
2051 1834
2052 1835
2053 1836
2054 1837
2055 1838
2056 1839
2057 1840
2058 1841
2059 1842
2060 1843
2061 1844
2062 1845
2064 1846
2065 1847
2066 1848
2067 1849
2068 1850
2069 1851
2070 1852
2071 1853
2072 1854
2075 1855
2076 1856
2077 1857
2078 1858
2079 1859
2080 1860
2081 1861
2083 1862
2084 1863
2086 1864
2087 1865
2088 1866
2090 1867
2091 1868
2092 1869
2093 1870
2094 1871
2095 1872
2096 1873
2097 1874
2099 1875
2100 1876
