org_id remap_id
8 0
32 1
57 2
147 3
233 4
242 5
259 6
302 7
319 8
336 9
372 10
427 11
485 12
521 13
538 14
620 15
788 16
819 17
913 18
970 19
1016 20
1033 21
1049 22
1094 23
1103 24
1113 25
1149 26
1263 27
1296 28
1320 29
1328 30
1352 31
1423 32
1455 33
1476 34
1505 35
1557 36
1701 37
1751 38
1774 39
1822 40
1856 41
1887 42
1933 43
1952 44
1987 45
2022 46
2032 47
2055 48
2128 49
2151 50
2232 51
2300 52
2315 53
2330 54
2367 55
2393 56
2437 57
2462 58
2487 59
2498 60
2549 61
2570 62
2586 63
2611 64
2636 65
2701 66
2716 67
2748 68
2831 69
2879 70
2911 71
2934 72
2952 73
2961 74
2989 75
3032 76
3083 77
3122 78
3203 79
3220 80
3233 81
3257 82
3279 83
3337 84
3396 85
3421 86
3454 87
3513 88
3539 89
3568 90
3646 91
3728 92
3743 93
3789 94
3817 95
3836 96
3914 97
3943 98
3957 99
4031 100
4089 101
4109 102
4135 103
4154 104
4188 105
4237 106
4324 107
4363 108
4488 109
4549 110
4681 111
4717 112
4742 113
4762 114
4795 115
4828 116
4911 117
4977 118
5024 119
5046 120
5075 121
5108 122
5186 123
5251 124
5266 125
5323 126
5424 127
5478 128
5584 129
5606 130
5648 131
5802 132
5817 133
5863 134
5937 135
5947 136
5959 137
6020 138
6047 139
6067 140
6092 141
6111 142
6120 143
6141 144
6157 145
6186 146
6195 147
6263 148
6403 149
6452 150
6510 151
6548 152
6585 153
6652 154
6663 155
6677 156
6704 157
6796 158
6862 159
6888 160
6897 161
6919 162
6934 163
6995 164
7050 165
7066 166
7081 167
7105 168
7122 169
7175 170
7212 171
7268 172
7275 173
7290 174
7328 175
7379 176
7396 177
7461 178
7506 179
7558 180
7706 181
7740 182
7779 183
7843 184
7865 185
7924 186
7948 187
7978 188
8016 189
8039 190
8068 191
8095 192
8216 193
8232 194
8291 195
8315 196
8336 197
8351 198
8373 199
8386 200
8408 201
8445 202
8452 203
8484 204
8554 205
8567 206
8612 207
8622 208
8670 209
8680 210
8691 211
8716 212
8743 213
8775 214
8794 215
8883 216
8905 217
8953 218
8974 219
8997 220
9016 221
9054 222
9106 223
9145 224
9152 225
9167 226
9198 227
9307 228
9402 229
9411 230
9440 231
9469 232
9486 233
9528 234
9548 235
9566 236
9578 237
9600 238
9660 239
9689 240
9766 241
9796 242
9845 243
9909 244
9917 245
9928 246
9985 247
10011 248
10014 249
10045 250
10054 251
10066 252
10088 253
10095 254
10098 255
10103 256
10106 257
10108 258
10119 259
10125 260
10142 261
10147 262
10162 263
10172 264
10178 265
10181 266
10192 267
10194 268
10201 269
10212 270
10214 271
10218 272
10221 273
10224 274
10235 275
10236 276
10237 277
10242 278
10244 279
10253 280
10258 281
10266 282
10272 283
10282 284
10286 285
10289 286
10290 287
10292 288
10297 289
10300 290
10313 291
10318 292
10320 293
10322 294
10327 295
10330 296
10337 297
10339 298
10349 299
10352 300
10359 301
10364 302
10376 303
10380 304
10386 305
10388 306
10391 307
10400 308
10406 309
10423 310
10425 311
10429 312
10431 313
10435 314
10439 315
10460 316
10470 317
10474 318
10476 319
10480 320
10483 321
10485 322
10486 323
10496 324
10499 325
10509 326
10510 327
10523 328
10524 329
10537 330
10542 331
10546 332
10558 333
10563 334
10566 335
10567 336
10571 337
10575 338
10578 339
10587 340
10598 341
10606 342
10610 343
10614 344
10620 345
10627 346
10634 347
10637 348
10649 349
10650 350
10654 351
10657 352
10663 353
10669 354
10673 355
10678 356
10680 357
10683 358
10691 359
10693 360
10697 361
10707 362
10717 363
10725 364
10736 365
10740 366
10752 367
10763 368
10768 369
10786 370
10798 371
10803 372
10808 373
10831 374
10885 375
10949 376
10990 377
11001 378
11042 379
11081 380
11109 381
11144 382
11166 383
11260 384
11274 385
11295 386
11367 387
11402 388
11428 389
11475 390
11535 391
11568 392
11604 393
11636 394
11690 395
11699 396
11713 397
11721 398
11729 399
11765 400
11779 401
11797 402
11829 403
11844 404
11853 405
11896 406
11962 407
11996 408
12003 409
12025 410
12034 411
12074 412
12098 413
12125 414
12155 415
12205 416
12299 417
12353 418
12366 419
12417 420
12476 421
12506 422
12529 423
12587 424
12623 425
12667 426
12690 427
12708 428
12751 429
12804 430
12829 431
12837 432
12847 433
12874 434
12885 435
12925 436
12976 437
12994 438
13001 439
13062 440
13084 441
13102 442
13129 443
13161 444
13191 445
13214 446
13222 447
13229 448
13251 449
13293 450
13320 451
13356 452
13366 453
13434 454
13469 455
13629 456
13642 457
13676 458
13691 459
13713 460
13724 461
13783 462
13791 463
13804 464
13843 465
13913 466
13924 467
13936 468
13973 469
13994 470
14030 471
14048 472
14067 473
14077 474
14138 475
14206 476
14215 477
14288 478
14323 479
14349 480
14386 481
14426 482
14486 483
14497 484
14579 485
14601 486
14631 487
14653 488
14666 489
14677 490
14735 491
14759 492
14876 493
14889 494
14944 495
14966 496
14974 497
14998 498
15012 499
15049 500
15067 501
15092 502
15116 503
15180 504
15211 505
15232 506
15260 507
15298 508
15307 509
15318 510
15408 511
15464 512
15494 513
15526 514
15554 515
15565 516
15583 517
15624 518
15728 519
15766 520
15773 521
15784 522
15800 523
15807 524
15863 525
15905 526
15991 527
16016 528
16042 529
16080 530
16090 531
16153 532
16162 533
16181 534
16193 535
16205 536
16394 537
16419 538
16450 539
16495 540
16512 541
16524 542
16553 543
16602 544
16626 545
16643 546
16679 547
16727 548
16834 549
16867 550
16915 551
16935 552
16953 553
16972 554
16998 555
17021 556
17102 557
17130 558
17187 559
17200 560
17210 561
17308 562
17340 563
17397 564
17430 565
17462 566
17531 567
17555 568
17633 569
17659 570
17684 571
17711 572
17807 573
17829 574
17855 575
17884 576
18115 577
18144 578
18349 579
18481 580
18588 581
18666 582
18720 583
18745 584
18785 585
18893 586
18924 587
19009 588
19071 589
19222 590
19320 591
19354 592
19433 593
19560 594
19622 595
19688 596
19812 597
20181 598
20214 599
20235 600
20269 601
20410 602
20462 603
20533 604
20614 605
20719 606
20889 607
20949 608
21050 609
21127 610
21148 611
21307 612
21343 613
21503 614
21566 615
21619 616
21634 617
21682 618
21733 619
21779 620
21862 621
21994 622
22054 623
22091 624
22163 625
22225 626
22245 627
22507 628
22526 629
22546 630
22563 631
22617 632
22681 633
22688 634
22728 635
22743 636
22791 637
22919 638
23026 639
23100 640
23135 641
23199 642
23351 643
23367 644
23486 645
23523 646
23595 647
23650 648
23687 649
23723 650
23849 651
23948 652
23992 653
24009 654
24096 655
24208 656
24227 657
24242 658
24346 659
24404 660
24510 661
24571 662
24608 663
24770 664
24802 665
24924 666
25074 667
25116 668
25253 669
25319 670
25395 671
25488 672
25515 673
25702 674
25723 675
25738 676
25795 677
25810 678
25835 679
25936 680
26018 681
26036 682
26183 683
26200 684
26261 685
26305 686
26333 687
26497 688
26550 689
26579 690
26623 691
26642 692
26654 693
26679 694
26747 695
26787 696
26876 697
26954 698
27006 699
27025 700
27065 701
27143 702
27166 703
27181 704
27229 705
27275 706
27380 707
27443 708
27466 709
27541 710
27624 711
27640 712
27697 713
27706 714
27748 715
27832 716
27910 717
27926 718
28049 719
28061 720
28115 721
28153 722
28206 723
28219 724
28336 725
28371 726
28459 727
28526 728
28539 729
28550 730
28564 731
28594 732
28623 733
28674 734
28803 735
28843 736
28870 737
29167 738
29415 739
29427 740
29455 741
29480 742
29509 743
29555 744
29658 745
29712 746
29888 747
29921 748
30018 749
30040 750
30064 751
30103 752
30221 753
30261 754
30378 755
30443 756
30511 757
30548 758
30574 759
30669 760
30712 761
30815 762
30848 763
30962 764
31020 765
31039 766
31272 767
31429 768
31503 769
31602 770
31749 771
31809 772
31942 773
31994 774
32016 775
32033 776
32059 777
32088 778
32180 779
32282 780
32387 781
32415 782
32438 783
32518 784
32542 785
32598 786
32617 787
32666 788
32738 789
32839 790
32889 791
32981 792
33045 793
33106 794
33121 795
33139 796
33225 797
33256 798
33328 799
33422 800
33457 801
33625 802
33703 803
33746 804
33804 805
33925 806
34001 807
34047 808
34267 809
34396 810
34537 811
34652 812
34764 813
34807 814
34860 815
35010 816
35030 817
35089 818
35223 819
35259 820
35289 821
35374 822
35404 823
35440 824
35480 825
35518 826
35541 827
35646 828
35745 829
35848 830
35908 831
35995 832
36075 833
36132 834
36200 835
36332 836
36493 837
36549 838
36597 839
36616 840
36667 841
36735 842
36746 843
36829 844
36844 845
36873 846
37115 847
37186 848
37213 849
37243 850
37475 851
37550 852
37567 853
37786 854
37851 855
37874 856
37950 857
38220 858
38271 859
38415 860
38525 861
38579 862
38719 863
38790 864
38853 865
38883 866
38943 867
38984 868
39053 869
39077 870
39091 871
39164 872
39299 873
39319 874
39359 875
39375 876
39415 877
39593 878
39642 879
39674 880
39694 881
39755 882
39813 883
39840 884
39895 885
39968 886
40001 887
40070 888
40146 889
40306 890
40324 891
40523 892
40562 893
40599 894
40625 895
40683 896
40836 897
40878 898
40917 899
40958 900
41072 901
41150 902
41183 903
41201 904
41330 905
41379 906
41461 907
41505 908
41568 909
41610 910
41685 911
41759 912
41788 913
41801 914
41911 915
42074 916
42186 917
42250 918
42450 919
42525 920
42725 921
42841 922
42872 923
42950 924
43046 925
43070 926
43164 927
43204 928
43335 929
43502 930
43554 931
43678 932
43978 933
44010 934
44046 935
44166 936
44278 937
44303 938
44334 939
44368 940
44382 941
44451 942
44460 943
44568 944
44712 945
44758 946
44871 947
44917 948
44978 949
45095 950
45129 951
45151 952
45196 953
45212 954
45232 955
45276 956
45299 957
45368 958
45428 959
45497 960
45524 961
45573 962
45650 963
45748 964
45897 965
45945 966
45974 967
46052 968
46220 969
46279 970
46319 971
46409 972
46549 973
46674 974
46715 975
46766 976
46798 977
46888 978
46901 979
46970 980
47053 981
47150 982
47238 983
47252 984
47354 985
47462 986
47559 987
47630 988
47658 989
47696 990
47778 991
47810 992
47923 993
47951 994
47996 995
48054 996
48330 997
48357 998
48396 999
48429 1000
48472 1001
48485 1002
48520 1003
48552 1004
48586 1005
48618 1006
48810 1007
49031 1008
49104 1009
49159 1010
49238 1011
49268 1012
49300 1013
49329 1014
49363 1015
49394 1016
49408 1017
49482 1018
49591 1019
49683 1020
49764 1021
49792 1022
49816 1023
49839 1024
49850 1025
49896 1026
49978 1027
50012 1028
50064 1029
50195 1030
50255 1031
50323 1032
50387 1033
50415 1034
50438 1035
50538 1036
50556 1037
50603 1038
50628 1039
50698 1040
50732 1041
50763 1042
50838 1043
50917 1044
50941 1045
51017 1046
51114 1047
51149 1048
51188 1049
51283 1050
51351 1051
51367 1052
51379 1053
51444 1054
51488 1055
51543 1056
51722 1057
51757 1058
51780 1059
51985 1060
52177 1061
52303 1062
52355 1063
52394 1064
52474 1065
52515 1066
52565 1067
52621 1068
52717 1069
52751 1070
52828 1071
52867 1072
53002 1073
53033 1074
53104 1075
53118 1076
53147 1077
53161 1078
53194 1079
53225 1080
53312 1081
53346 1082
53410 1083
53464 1084
53624 1085
53668 1086
53725 1087
53806 1088
53844 1089
53870 1090
53949 1091
54005 1092
54153 1093
54208 1094
54255 1095
54307 1096
54333 1097
54425 1098
54441 1099
54461 1100
54473 1101
54505 1102
54582 1103
54691 1104
54772 1105
54847 1106
54916 1107
54968 1108
55034 1109
55147 1110
55267 1111
55395 1112
55466 1113
55512 1114
55773 1115
55826 1116
55843 1117
55976 1118
55995 1119
56055 1120
56067 1121
56089 1122
56171 1123
56373 1124
56419 1125
56555 1126
56684 1127
56742 1128
56760 1129
56796 1130
56885 1131
56997 1132
57030 1133
57059 1134
57122 1135
57151 1136
57284 1137
57359 1138
57443 1139
57681 1140
57722 1141
57848 1142
57943 1143
57956 1144
57999 1145
58088 1146
58181 1147
58300 1148
58346 1149
58464 1150
58519 1151
58602 1152
58699 1153
58758 1154
58771 1155
58871 1156
58882 1157
58898 1158
58923 1159
58935 1160
59005 1161
59180 1162
59208 1163
59264 1164
59557 1165
59577 1166
59596 1167
59756 1168
59799 1169
59871 1170
59890 1171
59979 1172
60064 1173
60349 1174
60395 1175
60465 1176
60597 1177
60610 1178
60654 1179
60690 1180
60725 1181
60756 1182
60840 1183
61034 1184
61193 1185
61268 1186
61308 1187
61392 1188
61434 1189
61522 1190
61572 1191
61581 1192
61607 1193
61637 1194
61713 1195
61823 1196
61876 1197
61937 1198
61992 1199
62070 1200
62149 1201
62195 1202
62254 1203
62278 1204
62346 1205
62356 1206
62398 1207
62461 1208
62543 1209
62591 1210
62713 1211
62825 1212
62938 1213
62997 1214
63050 1215
63207 1216
63236 1217
63248 1218
63285 1219
63394 1220
63458 1221
63519 1222
63556 1223
63581 1224
63633 1225
63680 1226
63696 1227
63762 1228
63774 1229
63821 1230
63896 1231
63930 1232
64027 1233
64040 1234
64050 1235
64120 1236
64239 1237
64250 1238
64395 1239
64432 1240
64467 1241
64476 1242
64486 1243
64555 1244
64607 1245
64649 1246
64687 1247
64705 1248
64738 1249
64801 1250
64826 1251
64859 1252
64867 1253
65038 1254
65077 1255
65160 1256
65191 1257
65215 1258
65306 1259
65423 1260
65446 1261
65563 1262
65612 1263
65754 1264
65775 1265
65800 1266
65900 1267
65928 1268
66011 1269
66034 1270
66073 1271
66163 1272
66198 1273
66388 1274
66509 1275
66662 1276
66681 1277
66713 1278
66759 1279
66824 1280
67063 1281
67148 1282
67528 1283
67549 1284
67640 1285
67744 1286
67794 1287
67926 1288
67984 1289
68017 1290
68086 1291
68174 1292
68228 1293
68288 1294
68308 1295
68360 1296
68439 1297
68476 1298
68536 1299
68693 1300
68737 1301
68918 1302
68932 1303
69062 1304
69167 1305
69249 1306
69355 1307
69405 1308
69459 1309
69550 1310
69602 1311
69717 1312
69725 1313
69755 1314
69797 1315
69836 1316
69892 1317
69950 1318
70006 1319
70048 1320
70094 1321
70182 1322
70202 1323
70218 1324
70255 1325
70307 1326
70497 1327
70613 1328
70781 1329
70831 1330
70838 1331
70894 1332
70991 1333
71011 1334
71214 1335
71312 1336
71322 1337
71371 1338
71493 1339
71598 1340
71664 1341
71735 1342
71775 1343
71822 1344
71907 1345
72099 1346
72179 1347
72207 1348
72255 1349
72405 1350
72465 1351
72481 1352
72551 1353
72563 1354
72631 1355
72646 1356
72718 1357
72740 1358
72798 1359
72924 1360
73128 1361
73226 1362
73253 1363
73317 1364
73360 1365
73473 1366
73515 1367
73539 1368
73580 1369
73623 1370
73653 1371
73688 1372
73727 1373
73797 1374
73870 1375
73962 1376
74019 1377
74053 1378
74110 1379
74225 1380
74254 1381
74271 1382
74322 1383
74379 1384
74391 1385
74444 1386
74577 1387
74708 1388
74793 1389
74843 1390
74967 1391
75015 1392
75061 1393
75110 1394
75182 1395
75204 1396
75232 1397
75265 1398
75324 1399
75391 1400
75445 1401
75490 1402
75507 1403
75561 1404
75626 1405
75749 1406
75803 1407
75927 1408
75986 1409
75998 1410
76447 1411
76529 1412
76566 1413
76601 1414
76680 1415
76734 1416
76837 1417
76885 1418
76931 1419
76972 1420
77046 1421
77133 1422
77180 1423
77247 1424
77302 1425
77413 1426
77527 1427
77563 1428
77620 1429
77754 1430
78003 1431
78108 1432
78201 1433
78214 1434
78238 1435
78257 1436
78303 1437
78341 1438
78389 1439
78404 1440
78535 1441
78549 1442
78592 1443
78607 1444
78674 1445
78703 1446
78721 1447
78755 1448
78854 1449
79054 1450
79113 1451
79164 1452
79205 1453
79237 1454
79280 1455
79357 1456
79397 1457
79486 1458
79511 1459
79593 1460
79684 1461
79706 1462
79770 1463
79882 1464
79959 1465
80036 1466
80083 1467
80270 1468
80282 1469
80298 1470
80334 1471
80359 1472
80417 1473
80443 1474
80474 1475
80488 1476
80559 1477
80599 1478
80683 1479
80743 1480
80773 1481
80837 1482
80924 1483
80959 1484
80991 1485
81102 1486
81173 1487
81195 1488
81344 1489
81392 1490
81416 1491
81484 1492
81511 1493
81597 1494
81706 1495
82006 1496
82073 1497
82093 1498
82141 1499
82284 1500
82359 1501
82395 1502
82425 1503
82630 1504
82662 1505
82770 1506
82887 1507
82897 1508
82979 1509
83001 1510
83039 1511
83070 1512
83181 1513
83318 1514
83355 1515
83375 1516
83388 1517
83408 1518
83447 1519
83503 1520
83527 1521
83619 1522
83640 1523
83675 1524
83690 1525
83734 1526
83844 1527
83903 1528
84023 1529
84115 1530
84124 1531
84229 1532
84239 1533
84365 1534
84382 1535
84469 1536
84521 1537
84552 1538
84568 1539
84603 1540
84620 1541
84791 1542
84917 1543
84972 1544
85166 1545
85268 1546
85364 1547
85410 1548
85506 1549
85556 1550
85592 1551
85755 1552
85813 1553
85943 1554
86012 1555
86086 1556
86141 1557
86217 1558
86268 1559
86320 1560
86388 1561
86468 1562
86672 1563
86730 1564
86875 1565
86928 1566
87192 1567
87302 1568
87453 1569
87499 1570
87615 1571
87652 1572
87693 1573
87760 1574
87841 1575
87897 1576
87923 1577
87974 1578
88108 1579
88153 1580
88241 1581
88649 1582
88658 1583
88706 1584
88716 1585
88800 1586
88842 1587
88927 1588
88964 1589
89083 1590
89182 1591
89201 1592
89224 1593
89295 1594
89391 1595
89454 1596
89549 1597
89615 1598
89712 1599
89838 1600
89869 1601
89921 1602
89990 1603
90070 1604
90113 1605
90145 1606
90178 1607
90290 1608
90404 1609
90433 1610
90442 1611
90582 1612
90629 1613
90877 1614
90925 1615
91038 1616
91110 1617
91138 1618
91172 1619
91262 1620
91381 1621
91446 1622
91479 1623
91516 1624
91618 1625
91638 1626
91730 1627
91764 1628
91868 1629
91905 1630
91998 1631
92017 1632
92177 1633
92302 1634
92341 1635
92419 1636
92465 1637
92564 1638
92616 1639
92631 1640
92690 1641
92890 1642
92968 1643
93000 1644
93030 1645
93070 1646
93114 1647
93408 1648
93463 1649
93594 1650
93708 1651
93793 1652
93867 1653
93902 1654
93917 1655
94012 1656
94028 1657
94054 1658
94089 1659
94282 1660
94482 1661
94632 1662
94871 1663
94895 1664
94964 1665
95023 1666
95033 1667
95066 1668
95115 1669
95152 1670
95213 1671
95237 1672
95278 1673
95487 1674
95587 1675
95606 1676
95671 1677
95685 1678
95705 1679
95919 1680
95944 1681
96012 1682
96132 1683
96154 1684
96249 1685
96288 1686
96313 1687
96426 1688
96551 1689
96577 1690
96588 1691
96606 1692
96666 1693
96703 1694
96766 1695
96816 1696
96883 1697
96895 1698
96951 1699
96991 1700
97216 1701
97386 1702
97403 1703
97458 1704
97497 1705
97582 1706
97600 1707
97661 1708
97691 1709
97770 1710
97786 1711
97841 1712
97867 1713
97951 1714
98013 1715
98048 1716
98097 1717
98127 1718
98179 1719
98206 1720
98331 1721
98444 1722
98495 1723
98636 1724
98720 1725
98784 1726
98870 1727
98932 1728
98963 1729
98998 1730
99046 1731
99093 1732
99132 1733
99207 1734
99345 1735
99379 1736
99392 1737
99512 1738
99536 1739
99654 1740
