org_id remap_id
75 0
78 1
127 2
170 3
175 4
190 5
267 6
325 7
383 8
476 9
477 10
493 11
498 12
533 13
545 14
548 15
580 16
622 17
636 18
637 19
728 20
732 21
783 22
788 23
894 24
922 25
937 26
1017 27
1035 28
1047 29
1117 30
1118 31
1122 32
1160 33
1164 34
1174 35
1198 36
1224 37
1225 38
1267 39
1278 40
1282 41
1355 42
1392 43
1436 44
1496 45
1504 46
1510 47
1547 48
1600 49
1632 50
1652 51
1663 52
1713 53
1724 54
1728 55
1751 56
1860 57
1910 58
1915 59
1988 60
2039 61
2053 62
2102 63
2108 64
2136 65
2200 66
2204 67
2218 68
2276 69
2315 70
2429 71
2435 72
2455 73
2471 74
2477 75
2513 76
2517 77
2556 78
2558 79
2589 80
2612 81
2643 82
2658 83
2692 84
2706 85
2732 86
2771 87
2801 88
2842 89
2852 90
2853 91
2891 92
2901 93
2904 94
2930 95
3017 96
3057 97
3104 98
3106 99
3174 100
3190 101
3271 102
3301 103
3304 104
3313 105
3369 106
3392 107
3429 108
3493 109
3512 110
3527 111
3541 112
3595 113
3600 114
3710 115
3849 116
3853 117
3860 118
3868 119
3976 120
4002 121
4022 122
4078 123
4087 124
4146 125
4188 126
4198 127
4254 128
4335 129
4341 130
4352 131
4375 132
4517 133
4544 134
4549 135
4650 136
4697 137
4728 138
4800 139
4827 140
4856 141
4869 142
4895 143
4912 144
4944 145
5002 146
5031 147
5085 148
5182 149
5227 150
5238 151
5240 152
5285 153
5321 154
5459 155
5461 156
5475 157
5494 158
5552 159
5593 160
5706 161
5757 162
5829 163
5831 164
5917 165
5925 166
5954 167
5978 168
6018 169
6082 170
6119 171
6150 172
6227 173
6264 174
6302 175
6323 176
6352 177
6362 178
6375 179
6385 180
6393 181
6400 182
6443 183
6449 184
6471 185
6477 186
6528 187
6532 188
6550 189
6571 190
6616 191
6625 192
6757 193
6758 194
6785 195
6862 196
6946 197
6971 198
7088 199
7181 200
7195 201
7248 202
7252 203
7287 204
7315 205
7317 206
7354 207
7461 208
7587 209
7612 210
7635 211
7685 212
7704 213
7711 214
7727 215
7740 216
7743 217
7815 218
7849 219
7919 220
8041 221
8048 222
8094 223
8114 224
8127 225
8148 226
8168 227
8194 228
8209 229
8216 230
8282 231
8423 232
8434 233
8517 234
8584 235
8604 236
8610 237
8619 238
8621 239
8624 240
8642 241
8651 242
8683 243
8699 244
8701 245
8726 246
8740 247
8787 248
8824 249
8858 250
8881 251
8892 252
8893 253
8905 254
8930 255
8970 256
8996 257
9029 258
9034 259
9060 260
9085 261
9117 262
9127 263
9134 264
9139 265
9177 266
9245 267
9277 268
9370 269
9411 270
9415 271
9470 272
9475 273
9522 274
9593 275
9595 276
9807 277
9889 278
10025 279
10058 280
10064 281
10084 282
10094 283
10125 284
10132 285
10154 286
10181 287
10191 288
10200 289
10231 290
10272 291
10335 292
10420 293
10476 294
10479 295
10516 296
10521 297
10563 298
10639 299
10652 300
10674 301
10739 302
10783 303
10791 304
10844 305
10905 306
10931 307
10936 308
10986 309
11032 310
11090 311
11114 312
11162 313
11188 314
11220 315
11228 316
11239 317
11240 318
11244 319
11255 320
11277 321
11338 322
11411 323
11420 324
11424 325
11451 326
11457 327
11510 328
11515 329
11554 330
11563 331
11569 332
11577 333
11613 334
11638 335
11728 336
11744 337
11758 338
11802 339
11809 340
11810 341
11824 342
11825 343
11898 344
11912 345
11930 346
11937 347
12025 348
12028 349
12040 350
12046 351
12051 352
12056 353
12064 354
12126 355
12221 356
12259 357
12265 358
12272 359
12283 360
12296 361
12309 362
12313 363
12356 364
12428 365
12451 366
12458 367
12459 368
12554 369
12563 370
12621 371
12622 372
12681 373
12759 374
12760 375
12818 376
12866 377
12888 378
12917 379
12921 380
12949 381
12986 382
13014 383
13029 384
13043 385
13048 386
13054 387
13056 388
13086 389
13159 390
13216 391
13222 392
13230 393
13233 394
13257 395
13266 396
13283 397
13318 398
13376 399
13397 400
13454 401
13472 402
13561 403
13595 404
13614 405
13656 406
13694 407
13701 408
13716 409
13748 410
13781 411
13815 412
13877 413
13890 414
13897 415
13914 416
13916 417
13937 418
13938 419
13970 420
14029 421
14070 422
14095 423
14099 424
14171 425
14222 426
14246 427
14292 428
14323 429
14361 430
14421 431
14454 432
14465 433
14479 434
14498 435
14531 436
14570 437
14578 438
14598 439
14614 440
14648 441
14653 442
14679 443
14706 444
14709 445
14895 446
14910 447
14918 448
14946 449
14979 450
15061 451
15157 452
15168 453
15178 454
15264 455
15311 456
15344 457
15399 458
15436 459
15437 460
15440 461
15558 462
15714 463
15715 464
15716 465
15722 466
15780 467
15783 468
15811 469
15816 470
15846 471
15853 472
15879 473
15896 474
15926 475
15974 476
16003 477
16004 478
16031 479
16039 480
16047 481
16103 482
16123 483
16133 484
16149 485
16168 486
16174 487
16206 488
16289 489
16295 490
16302 491
16321 492
16389 493
16419 494
16485 495
16574 496
16587 497
16591 498
16592 499
16610 500
16664 501
16677 502
16850 503
16862 504
16949 505
16983 506
16987 507
17205 508
17260 509
17307 510
17312 511
17334 512
17363 513
17461 514
17463 515
17559 516
17597 517
17613 518
17623 519
17632 520
17647 521
17653 522
17688 523
17738 524
17755 525
17813 526
17835 527
17854 528
17909 529
17924 530
17930 531
17946 532
17999 533
18015 534
18059 535
18075 536
18082 537
18114 538
18161 539
18205 540
18206 541
18256 542
18293 543
18295 544
18304 545
18367 546
18379 547
18434 548
18461 549
18506 550
18510 551
18600 552
18660 553
18666 554
18673 555
18678 556
18687 557
18718 558
18724 559
18742 560
18797 561
18802 562
18849 563
18853 564
18896 565
18946 566
18979 567
18983 568
19018 569
19054 570
19066 571
19131 572
19164 573
19193 574
19306 575
19402 576
19475 577
19493 578
19519 579
19520 580
19532 581
19546 582
19562 583
19575 584
19587 585
19619 586
19668 587
19714 588
19741 589
19742 590
19783 591
19806 592
19820 593
19832 594
19838 595
19854 596
19864 597
19885 598
19899 599
19909 600
19923 601
19928 602
19933 603
19963 604
19982 605
19986 606
20025 607
20028 608
20081 609
20121 610
20144 611
20189 612
20226 613
20262 614
20263 615
20298 616
20348 617
20385 618
20391 619
20409 620
20435 621
20438 622
20492 623
20531 624
20554 625
20591 626
20606 627
20699 628
20709 629
20734 630
20758 631
20812 632
20832 633
20897 634
20938 635
20974 636
21052 637
21055 638
21101 639
21171 640
21184 641
21188 642
21237 643
21244 644
21272 645
21277 646
21374 647
21439 648
21488 649
21513 650
21522 651
21523 652
21558 653
21624 654
21655 655
21668 656
21672 657
21691 658
21693 659
21699 660
21708 661
21712 662
21767 663
21835 664
21838 665
21872 666
21947 667
22035 668
22061 669
22066 670
22125 671
22198 672
22206 673
22278 674
22371 675
22386 676
22453 677
22461 678
22479 679
22609 680
22616 681
22701 682
22712 683
22723 684
22798 685
22815 686
22869 687
22872 688
22931 689
22936 690
22957 691
22961 692
23032 693
23087 694
23129 695
23172 696
23228 697
23260 698
23318 699
23360 700
23386 701
23388 702
23422 703
23423 704
23437 705
23473 706
23561 707
23581 708
23634 709
23647 710
23712 711
23717 712
23733 713
23753 714
23850 715
23858 716
23862 717
23865 718
23910 719
23947 720
23953 721
23988 722
24014 723
24026 724
24039 725
24072 726
24104 727
24132 728
24171 729
24221 730
24230 731
24231 732
24234 733
24240 734
24263 735
24386 736
24423 737
24476 738
24495 739
24515 740
24517 741
24560 742
24573 743
24592 744
24653 745
24668 746
24695 747
24708 748
24793 749
24885 750
24929 751
24954 752
25007 753
25038 754
25055 755
25097 756
25122 757
25197 758
25244 759
25248 760
25286 761
25359 762
25388 763
25408 764
25411 765
25412 766
25570 767
25649 768
25679 769
25686 770
25712 771
25723 772
25730 773
25752 774
25801 775
25831 776
25867 777
25887 778
25889 779
25907 780
25913 781
25915 782
25976 783
26007 784
26048 785
26116 786
26136 787
26138 788
26152 789
26154 790
26242 791
26243 792
26316 793
26356 794
26487 795
26528 796
26582 797
26589 798
26617 799
26624 800
26674 801
26692 802
26704 803
26733 804
26734 805
26738 806
26740 807
26765 808
26819 809
26873 810
26920 811
26964 812
26987 813
27072 814
27089 815
27112 816
27115 817
27152 818
27164 819
27238 820
27297 821
27302 822
27306 823
27313 824
27350 825
27363 826
27464 827
27620 828
27626 829
27648 830
27662 831
27685 832
27713 833
27743 834
27773 835
27778 836
27935 837
27947 838
27951 839
28001 840
28039 841
28048 842
28082 843
28101 844
28105 845
28122 846
28129 847
28180 848
28199 849
28292 850
28299 851
28317 852
28342 853
28350 854
28384 855
28452 856
28492 857
28496 858
28508 859
28521 860
28581 861
28642 862
28645 863
28653 864
28665 865
28798 866
28830 867
28842 868
28855 869
28875 870
28962 871
29061 872
29202 873
29225 874
29343 875
29369 876
29401 877
29421 878
29435 879
29442 880
29501 881
29508 882
29538 883
29592 884
29616 885
29658 886
29680 887
29727 888
29801 889
29892 890
29942 891
29947 892
29948 893
29985 894
30049 895
30139 896
30167 897
30174 898
30210 899
30225 900
30274 901
30275 902
30286 903
30465 904
30490 905
30491 906
30500 907
30547 908
30613 909
30627 910
30687 911
30836 912
30840 913
30846 914
30849 915
30864 916
30879 917
30886 918
30897 919
30938 920
30950 921
30972 922
30977 923
30980 924
31040 925
31088 926
31098 927
31104 928
31156 929
31170 930
31175 931
31179 932
31193 933
31209 934
31221 935
31296 936
31309 937
31317 938
31375 939
31468 940
31523 941
31682 942
31784 943
31786 944
31789 945
31813 946
31820 947
31854 948
31879 949
31911 950
31937 951
31949 952
32011 953
32021 954
32031 955
32035 956
32195 957
32283 958
32293 959
32294 960
32299 961
32308 962
32357 963
32369 964
32406 965
32411 966
32412 967
32445 968
32508 969
32512 970
32521 971
32536 972
32538 973
32634 974
32656 975
32663 976
32736 977
32747 978
32791 979
32831 980
32861 981
32919 982
32931 983
32997 984
33008 985
33052 986
33126 987
33139 988
33141 989
33171 990
33202 991
33222 992
33238 993
33240 994
33251 995
33285 996
33349 997
33384 998
33477 999
33481 1000
33522 1001
33528 1002
33577 1003
33579 1004
33764 1005
33770 1006
33780 1007
33784 1008
33797 1009
33843 1010
33866 1011
33880 1012
33943 1013
33994 1014
34101 1015
34145 1016
34157 1017
34196 1018
34197 1019
34225 1020
34226 1021
34295 1022
34329 1023
34334 1024
34368 1025
34374 1026
34384 1027
34405 1028
34420 1029
34579 1030
34671 1031
34680 1032
34687 1033
34704 1034
34713 1035
34740 1036
34755 1037
34765 1038
34783 1039
34796 1040
34857 1041
34881 1042
34906 1043
34958 1044
35002 1045
35051 1046
35057 1047
35069 1048
35105 1049
35141 1050
35160 1051
35211 1052
35223 1053
35272 1054
35335 1055
35345 1056
35373 1057
35408 1058
35455 1059
35461 1060
35488 1061
35530 1062
35553 1063
35568 1064
35601 1065
35622 1066
35660 1067
35665 1068
35703 1069
35779 1070
35785 1071
35814 1072
35886 1073
35899 1074
36004 1075
36049 1076
36060 1077
36063 1078
36082 1079
36151 1080
36154 1081
36243 1082
36280 1083
36286 1084
36292 1085
36294 1086
36306 1087
36347 1088
36450 1089
36495 1090
36527 1091
36538 1092
36548 1093
36553 1094
36558 1095
36559 1096
36600 1097
36619 1098
36632 1099
36655 1100
36659 1101
36663 1102
36688 1103
36719 1104
36743 1105
36784 1106
36802 1107
36803 1108
36907 1109
36931 1110
36937 1111
36969 1112
37001 1113
37025 1114
37037 1115
37098 1116
37195 1117
37216 1118
37217 1119
37225 1120
37321 1121
37419 1122
37528 1123
37568 1124
37580 1125
37713 1126
37782 1127
37786 1128
37820 1129
37857 1130
37882 1131
37899 1132
37934 1133
37957 1134
37987 1135
38047 1136
38093 1137
38111 1138
38119 1139
38256 1140
38281 1141
38340 1142
38348 1143
38373 1144
38390 1145
38396 1146
38435 1147
38437 1148
38527 1149
38646 1150
38662 1151
38664 1152
38690 1153
38722 1154
38726 1155
38740 1156
38745 1157
38765 1158
38801 1159
38854 1160
38875 1161
38882 1162
38889 1163
38914 1164
38927 1165
38934 1166
39033 1167
39047 1168
39065 1169
39082 1170
39156 1171
39177 1172
39262 1173
39272 1174
39282 1175
39320 1176
39362 1177
39390 1178
39393 1179
39463 1180
39480 1181
39513 1182
39524 1183
39594 1184
39599 1185
39607 1186
39608 1187
39617 1188
39677 1189
39689 1190
39746 1191
39799 1192
39803 1193
39861 1194
39897 1195
39904 1196
39935 1197
39981 1198
39985 1199
40003 1200
40033 1201
40101 1202
40136 1203
40236 1204
40260 1205
40282 1206
40284 1207
40328 1208
40375 1209
40421 1210
40456 1211
40457 1212
40465 1213
40512 1214
40648 1215
40664 1216
40703 1217
40719 1218
40737 1219
40743 1220
40810 1221
40826 1222
40827 1223
40837 1224
40855 1225
40863 1226
40872 1227
40895 1228
40930 1229
41000 1230
41027 1231
41066 1232
41103 1233
41130 1234
41154 1235
41178 1236
41201 1237
41234 1238
41258 1239
41335 1240
41391 1241
41394 1242
41443 1243
41464 1244
41468 1245
41573 1246
41622 1247
41688 1248
41726 1249
41727 1250
41740 1251
41822 1252
41838 1253
41859 1254
41946 1255
42054 1256
42059 1257
42104 1258
42122 1259
42154 1260
42164 1261
42201 1262
42237 1263
42337 1264
42356 1265
42411 1266
42437 1267
42445 1268
42490 1269
42551 1270
42552 1271
42582 1272
42664 1273
42688 1274
42773 1275
42789 1276
42888 1277
42908 1278
42966 1279
43004 1280
43017 1281
43102 1282
43108 1283
43113 1284
43189 1285
43205 1286
43213 1287
43281 1288
43350 1289
43353 1290
43397 1291
43449 1292
43501 1293
43527 1294
43591 1295
43603 1296
43640 1297
43699 1298
43700 1299
43706 1300
43718 1301
43726 1302
43779 1303
43797 1304
43867 1305
43883 1306
43948 1307
43994 1308
44038 1309
44041 1310
44068 1311
44117 1312
44129 1313
44157 1314
44264 1315
44285 1316
44287 1317
44294 1318
44297 1319
44361 1320
44404 1321
44446 1322
44485 1323
44495 1324
44567 1325
44706 1326
44730 1327
44744 1328
44847 1329
45049 1330
45050 1331
45070 1332
45120 1333
45129 1334
45187 1335
45220 1336
45236 1337
45257 1338
45277 1339
45286 1340
45290 1341
45314 1342
45356 1343
45478 1344
45583 1345
45586 1346
45642 1347
45656 1348
45881 1349
45938 1350
45987 1351
46033 1352
46085 1353
46116 1354
46126 1355
46257 1356
46272 1357
46369 1358
46407 1359
46441 1360
46449 1361
46494 1362
46523 1363
46536 1364
46586 1365
46603 1366
46624 1367
46640 1368
46641 1369
46655 1370
46656 1371
46672 1372
46695 1373
46754 1374
46762 1375
46786 1376
46804 1377
46824 1378
46840 1379
46890 1380
46964 1381
46979 1382
46985 1383
47002 1384
47040 1385
47065 1386
47104 1387
47165 1388
47179 1389
47249 1390
47267 1391
47302 1392
47384 1393
47398 1394
47438 1395
47448 1396
47526 1397
47592 1398
47613 1399
47677 1400
47711 1401
47717 1402
47719 1403
47768 1404
47780 1405
47800 1406
47911 1407
47933 1408
47999 1409
48006 1410
48011 1411
48038 1412
48052 1413
48076 1414
48117 1415
48128 1416
48167 1417
48280 1418
48290 1419
48316 1420
48326 1421
48337 1422
48357 1423
48370 1424
48395 1425
48454 1426
48506 1427
48534 1428
48641 1429
48674 1430
48717 1431
48726 1432
48743 1433
48776 1434
48802 1435
48803 1436
48856 1437
48911 1438
48919 1439
48920 1440
48933 1441
49032 1442
49065 1443
49143 1444
49148 1445
49236 1446
49265 1447
49270 1448
49308 1449
49334 1450
49361 1451
49365 1452
49370 1453
49383 1454
49527 1455
49582 1456
49606 1457
49626 1458
49696 1459
49838 1460
49879 1461
49913 1462
49935 1463
49996 1464
50041 1465
50156 1466
50160 1467
50265 1468
50295 1469
50324 1470
50377 1471
50383 1472
50464 1473
50510 1474
50533 1475
50543 1476
50604 1477
50606 1478
50607 1479
50670 1480
50695 1481
50733 1482
50783 1483
50818 1484
50846 1485
50847 1486
50888 1487
50893 1488
50949 1489
50970 1490
50992 1491
51021 1492
51025 1493
51033 1494
51045 1495
51086 1496
51167 1497
51168 1498
51191 1499
51198 1500
51213 1501
51218 1502
51230 1503
51232 1504
51284 1505
51301 1506
51333 1507
51336 1508
51361 1509
51373 1510
51378 1511
51441 1512
51448 1513
51466 1514
51494 1515
51499 1516
51527 1517
51603 1518
51615 1519
51673 1520
51687 1521
51692 1522
51699 1523
51707 1524
51761 1525
51832 1526
51901 1527
51954 1528
51972 1529
52000 1530
52004 1531
52021 1532
52076 1533
52129 1534
52136 1535
52147 1536
52180 1537
52235 1538
52298 1539
52305 1540
52328 1541
52364 1542
52365 1543
52379 1544
52427 1545
52459 1546
52481 1547
52510 1548
52572 1549
52576 1550
52580 1551
52591 1552
52592 1553
52610 1554
52648 1555
52678 1556
52707 1557
52722 1558
52751 1559
52806 1560
52827 1561
52834 1562
52870 1563
52882 1564
52906 1565
52961 1566
52983 1567
53022 1568
53042 1569
53045 1570
53059 1571
53192 1572
53241 1573
53315 1574
53379 1575
53382 1576
53429 1577
53558 1578
53565 1579
53610 1580
53667 1581
53849 1582
53859 1583
53996 1584
54017 1585
54060 1586
54066 1587
54087 1588
54113 1589
54129 1590
54142 1591
54152 1592
54193 1593
54217 1594
54250 1595
54262 1596
54274 1597
54316 1598
54371 1599
54376 1600
54503 1601
54528 1602
54650 1603
54716 1604
54730 1605
54767 1606
54786 1607
54817 1608
54876 1609
54980 1610
55113 1611
55124 1612
55193 1613
55197 1614
55211 1615
55236 1616
55277 1617
55280 1618
55290 1619
55315 1620
55327 1621
55403 1622
55414 1623
55468 1624
55491 1625
55560 1626
55590 1627
55620 1628
55645 1629
55699 1630
55737 1631
55762 1632
55790 1633
55840 1634
55841 1635
55865 1636
55899 1637
55909 1638
55935 1639
55936 1640
55992 1641
56016 1642
56030 1643
56044 1644
56091 1645
56124 1646
56147 1647
56200 1648
56281 1649
56345 1650
56354 1651
56472 1652
56535 1653
56561 1654
56596 1655
56620 1656
56669 1657
56686 1658
56758 1659
56811 1660
56896 1661
56915 1662
56950 1663
56959 1664
57010 1665
57018 1666
57022 1667
57035 1668
57050 1669
57082 1670
57097 1671
57120 1672
57127 1673
57138 1674
57249 1675
57274 1676
57380 1677
57420 1678
57464 1679
57475 1680
57512 1681
57606 1682
57620 1683
57637 1684
57696 1685
57782 1686
57835 1687
57912 1688
57928 1689
57973 1690
57977 1691
58001 1692
58019 1693
58087 1694
58089 1695
58160 1696
58174 1697
58203 1698
58417 1699
58470 1700
58554 1701
58561 1702
58567 1703
58577 1704
58600 1705
58601 1706
58604 1707
58613 1708
58657 1709
58686 1710
58693 1711
58709 1712
58747 1713
58763 1714
58842 1715
58846 1716
58895 1717
59012 1718
59050 1719
59078 1720
59082 1721
59086 1722
59092 1723
59148 1724
59165 1725
59182 1726
59219 1727
59299 1728
59311 1729
59327 1730
59349 1731
59355 1732
59358 1733
59389 1734
59390 1735
59401 1736
59433 1737
59444 1738
59462 1739
59468 1740
59474 1741
59496 1742
59499 1743
59527 1744
59529 1745
59557 1746
59577 1747
59677 1748
59686 1749
59708 1750
59750 1751
59771 1752
59889 1753
59894 1754
59995 1755
59999 1756
60002 1757
60051 1758
60072 1759
60158 1760
60166 1761
60170 1762
60182 1763
60190 1764
60195 1765
60229 1766
60259 1767
60296 1768
60303 1769
60307 1770
60316 1771
60319 1772
60323 1773
60325 1774
60331 1775
60334 1776
60374 1777
60450 1778
60510 1779
60515 1780
60556 1781
60564 1782
60661 1783
60670 1784
60692 1785
60693 1786
60713 1787
60716 1788
60798 1789
60863 1790
60890 1791
60891 1792
60901 1793
60958 1794
60963 1795
60971 1796
61020 1797
61137 1798
61235 1799
61240 1800
61352 1801
61379 1802
61381 1803
61400 1804
61436 1805
61502 1806
61544 1807
61592 1808
61674 1809
61700 1810
61805 1811
61836 1812
61869 1813
61875 1814
61878 1815
61879 1816
61910 1817
61915 1818
61968 1819
61985 1820
62012 1821
62014 1822
62042 1823
62055 1824
62091 1825
62133 1826
62141 1827
62151 1828
62252 1829
62280 1830
62319 1831
62323 1832
62332 1833
62348 1834
62354 1835
62394 1836
62474 1837
62547 1838
62565 1839
62572 1840
62637 1841
62686 1842
62691 1843
62787 1844
62795 1845
62815 1846
62819 1847
62847 1848
62857 1849
62880 1850
62974 1851
63024 1852
63060 1853
63086 1854
63198 1855
63213 1856
63347 1857
63348 1858
63375 1859
63395 1860
63405 1861
63438 1862
63458 1863
63491 1864
63542 1865
63556 1866
63578 1867
63594 1868
63631 1869
63698 1870
63717 1871
63725 1872
63729 1873
63872 1874
63873 1875
63973 1876
63991 1877
64012 1878
64063 1879
64070 1880
64264 1881
64294 1882
64344 1883
64363 1884
64364 1885
64370 1886
64411 1887
64423 1888
64472 1889
64500 1890
64515 1891
64540 1892
64560 1893
64581 1894
64587 1895
64621 1896
64642 1897
64712 1898
64821 1899
64854 1900
64886 1901
64949 1902
64969 1903
65081 1904
65135 1905
65174 1906
65279 1907
65293 1908
65298 1909
65301 1910
65308 1911
65403 1912
65436 1913
65500 1914
65523 1915
65595 1916
65647 1917
65713 1918
65805 1919
65851 1920
65867 1921
65869 1922
65881 1923
65905 1924
65914 1925
65932 1926
66022 1927
66063 1928
66134 1929
66149 1930
66152 1931
66164 1932
66190 1933
66207 1934
66227 1935
66328 1936
66390 1937
66406 1938
66416 1939
66457 1940
66527 1941
66532 1942
66533 1943
66541 1944
66544 1945
66553 1946
66650 1947
66745 1948
66770 1949
66778 1950
66784 1951
66831 1952
66892 1953
66893 1954
66902 1955
66929 1956
66968 1957
66978 1958
67010 1959
67033 1960
67042 1961
67068 1962
67171 1963
67189 1964
67199 1965
67267 1966
67303 1967
67306 1968
67325 1969
67363 1970
67401 1971
67410 1972
67488 1973
67500 1974
67538 1975
67542 1976
67594 1977
67635 1978
67666 1979
67687 1980
67756 1981
67795 1982
67840 1983
67841 1984
67901 1985
67907 1986
67920 1987
67924 1988
68044 1989
68046 1990
68087 1991
68093 1992
68117 1993
68151 1994
68163 1995
68180 1996
68228 1997
68304 1998
68393 1999
68396 2000
68424 2001
68441 2002
68516 2003
68523 2004
68623 2005
68637 2006
68660 2007
68722 2008
68773 2009
68810 2010
68829 2011
68864 2012
68883 2013
68899 2014
68912 2015
68934 2016
68943 2017
68947 2018
68986 2019
68988 2020
68989 2021
69002 2022
69022 2023
69043 2024
69066 2025
69068 2026
69135 2027
69153 2028
69195 2029
69213 2030
69232 2031
69245 2032
69291 2033
69341 2034
69374 2035
69378 2036
69388 2037
69393 2038
69469 2039
69504 2040
69576 2041
69590 2042
69625 2043
69668 2044
69716 2045
69719 2046
69767 2047
69805 2048
69820 2049
69866 2050
69875 2051
69891 2052
70037 2053
70062 2054
70078 2055
70100 2056
70102 2057
70116 2058
70120 2059
70142 2060
70188 2061
70287 2062
70299 2063
70313 2064
70331 2065
70342 2066
70362 2067
70369 2068
70374 2069
70421 2070
70485 2071
70520 2072
70525 2073
70542 2074
70560 2075
70617 2076
70623 2077
70642 2078
70698 2079
70742 2080
70743 2081
70753 2082
70760 2083
70782 2084
70789 2085
70793 2086
70806 2087
70816 2088
70878 2089
70974 2090
70981 2091
71037 2092
71052 2093
71055 2094
71107 2095
71116 2096
71149 2097
71278 2098
71287 2099
71291 2100
71307 2101
71323 2102
71331 2103
71420 2104
71478 2105
71483 2106
71487 2107
71497 2108
71509 2109
71525 2110
71529 2111
71534 2112
